0.020893052220344543
-0.003799143712967634
-0.030263960361480713
-0.017909949645400047
-0.018143242225050926
0.061094075441360474
0.055906157940626144
0.024352459236979485
0.008089271374046803
0.0671684592962265
-0.06147290766239166
-0.012559294700622559
0.09846380352973938
-0.03190627694129944
0.006074387580156326
-0.08773963898420334
-0.08061161637306213
-0.021039998158812523
-0.03713598847389221
0.007115192245692015
0.042352430522441864
0.005666168872267008
-0.0016028203535825014
-0.03339596465229988
-0.027154499664902687
0.042742352932691574
0.022890139371156693
-0.005287379492074251
-0.022806955501437187
-0.013849577866494656
0.019367432221770287
0.006212456617504358
0.035419005900621414
-0.04326951876282692
0.02967783249914646
0.012662100605666637
-0.029150424525141716
0.0653710588812828
0.02048177644610405
-0.09752865880727768
-0.04133015125989914
0.04371017590165138
-0.045473430305719376
-0.043576013296842575
0.008179157972335815
0.00032646607724018395
0.06040278822183609
-0.0557708665728569
0.04410003870725632
0.05456363782286644
0.06411934643983841
0.018426641821861267
-0.029142774641513824
-0.004193886648863554
0.002042947569862008
-0.013850348070263863
-0.029416445642709732
-0.03545236214995384
0.03137830272316933
-0.028492294251918793
-0.018751095980405807
0.005436802748590708
-0.056585296988487244
-0.013763427734375
0.039176441729068756
0.04102571681141853
-0.024189235642552376
-0.05901067703962326
-0.03772050887346268
0.030397646129131317
-0.009719520807266235
-0.01146206445991993
-0.04074467346072197
0.02172413282096386
0.001924299169331789
0.0023993407376110554
-0.05017644912004471
0.002570121316239238
0.02602875418961048
0.01539679802954197
-0.01699400320649147
-0.03057282418012619
0.06444284319877625
0.08233965933322906
0.02583589218556881
-0.012251636944711208
0.02196487784385681
-0.015176073648035526
-0.02860371209681034
0.0039319540373981
0.07817762345075607
0.013061515986919403
0.02845451980829239
0.02571989968419075
0.0681636780500412
0.007664683274924755
-0.023842226713895798
-0.05137934535741806
0.07722438871860504
0.05177486687898636
0.0474042147397995
0.024148670956492424
-0.03156257048249245
-0.04845605045557022
0.0624781958758831
-0.042114853858947754
0.0019566819537431
-0.03926476463675499
-0.03903704136610031
-0.014491082169115543
-0.0003981697664130479
-0.08650647848844528
0.03155381232500076
-0.0036740696523338556
0.016404373571276665
-0.02686457894742489
0.003241253085434437
-0.00015783048002049327
-0.01647648774087429
-0.0014166089240461588
-0.00409097783267498
0.013120614923536777
-0.09478291869163513
0.08830338716506958
0.022368138656020164
0.021365825086832047
-0.0191896241158247
-0.042437732219696045
-0.05621154233813286
-0.01931861601769924
0.06527320295572281
-0.04785819724202156
-0.019680293276906013
0.04245547577738762
-0.033729780465364456
0.052510954439640045
0.05333879962563515
-0.06512948125600815
-0.005130044650286436
-0.09810615330934525
0.007805939763784409
-0.025210008025169373
-0.02709629200398922
-0.016457730904221535
0.01914888061583042
-0.011722715571522713
-0.0444001704454422
-0.010653194971382618
-0.017515020444989204
-0.019393084570765495
-0.04815196990966797
0.021950261667370796
0.03799302503466606
-0.0177436713129282
-0.020507169887423515
-0.022297479212284088
0.047639399766922
0.001957101048901677
0.10887854546308517
-0.0748758465051651
0.00564041780307889
-0.05700789764523506
-0.047618940472602844
0.024895593523979187
-0.063263900578022
-0.03464227169752121
-0.0013905594823881984
-0.015517684631049633
0.016145307570695877
0.017397819086909294
-0.024042097851634026
-0.03945980221033096
-0.03227012977004051
-0.06676657497882843
-0.07089192420244217
-0.02256874553859234
0.02353694476187229
-0.03505566343665123
-0.015173196792602539
-0.009081151336431503
0.0002557021798565984
0.04175423085689545
-0.053392354398965836
-0.04262310266494751
0.011827669106423855
-0.00839247927069664
-0.009471731260418892
0.06832520663738251
0.05064639821648598
0.01390774454921484
-0.010096794925630093
0.03290923312306404
0.01051376760005951
-0.061571985483169556
-0.027288487181067467
0.005861965008080006
0.03728744015097618
-0.02417123317718506
0.004253483843058348
0.02613718807697296
0.03281678631901741
0.0009127570083364844
-0.014868758618831635
-0.015468450263142586
-0.0322742685675621
0.05631465092301369
-0.03908155858516693
-0.05654476583003998
0.007465879432857037
0.017642613500356674
-0.0275134164839983
0.0056558470241725445
-0.03280331566929817
-0.0340752974152565
0.03650480881333351
-0.012334980070590973
0.08002763241529465
-0.033645451068878174
0.051477640867233276
-0.05595839396119118
0.02840331383049488
0.029422910884022713
0.07538684457540512
0.012210408225655556
-0.023572251200675964
0.01961752213537693
-0.03979768604040146
-0.01251191832125187
-0.03462865203619003
-0.03254079818725586
0.0031263402197510004
-0.004080501850694418
-0.030326053500175476
-0.002768415492027998
0.004586318042129278
-0.01628960855305195
0.04849160835146904
0.0190814770758152
0.04750106856226921
-0.005204762332141399
-0.002619441831484437
-0.11399946361780167
0.003933304455131292
-0.0063026705756783485
0.04008305072784424
0.026622453704476357
0.06103665009140968
0.056984856724739075
0.04609920084476471
-0.04799580201506615
-0.02769043669104576
-0.03224998340010643
0.002563513582572341
-0.022108864039182663
-0.06729278713464737
-0.05815010145306587
-0.011852920055389404
-0.03043881431221962
0.022440405562520027
0.018503611907362938
0.05345311015844345
-0.03469070419669151
0.01074332557618618
-0.09459202736616135
-0.039456821978092194
0.016048863530158997
-0.025613386183977127
0.023989195004105568
0.02355484664440155
-0.009049014188349247
0.00649509159848094
0.017296191304922104
-0.023053346201777458
-0.02039078064262867
-0.031901128590106964
0.030759690329432487
0.010569310747087002
0.07062575966119766
-0.04652111977338791
0.0016029627295210958
0.02634800784289837
-0.031592898070812225
-0.0049212477169930935
-0.007719879038631916
0.004940544720739126
-0.03522108867764473
0.02229551412165165
0.012779396027326584
-0.03333565592765808
-0.03467043489217758
0.018555203452706337
0.025614986196160316
0.013280108571052551
-0.001028741942718625
-0.0137559799477458
0.012347223237156868
0.018892228603363037
-0.007336914539337158
0.02161589451134205
0.008243231102824211
0.01605198346078396
0.04430937021970749
-0.0285263080149889
-0.022155502811074257
0.0018508672947064042
-0.03429809957742691
-0.0008827092824503779
-0.035219017416238785
-0.040053822100162506
-0.05643884837627411
0.0011105213779956102
0.0302058644592762
0.03215613216161728
0.018789447844028473
-0.04169357940554619
-0.013144126161932945
-0.08113473653793335
-0.001789433998055756
-0.035788644105196
0.001567550702020526
0.005007751751691103
-0.005203539505600929
-0.0008445096318610013
0.030109664425253868
0.05036315321922302
0.011152704246342182
0.015994081273674965
0.0023153203073889017
-0.016090089455246925
-0.02760314755141735
0.010838930495083332
-0.04544641450047493
0.015520943328738213
-0.05786050856113434
0.012972317636013031
0.004971710965037346
-0.05533674359321594
0.05260370671749115
0.03785243257880211
0.08491325378417969
-0.003529586363583803
-0.013398855924606323
0.03660163655877113
0.035563088953495026
0.0030333318281918764
-0.031108403578400612
0.04532834142446518
-0.028127796947956085
0.00777539424598217
-0.04541763663291931
-0.010723244398832321
0.04657373204827309
0.06943430006504059
-0.006979091092944145
-0.05529921501874924
-0.003272251458838582
0.016615690663456917
0.027290141209959984
0.025068240240216255
0.027913900092244148
0.01968405582010746
-0.014508784748613834
-0.0017251675017178059
0.0097972946241498
0.030873091891407967
-9.077351569430903e-05
0.008134621195495129
0.06171002611517906
0.05887707322835922
-0.018099015578627586
0.004953420255333185
-0.022545693442225456
0.022404346615076065
-0.034662384539842606
0.01206345297396183
-0.021142708137631416
-0.017388198524713516
0.015503332950174809
0.06642530113458633
-0.08995987474918365
-0.0008657274884171784
-0.051229871809482574
-0.0220413189381361
-0.023904889822006226
-0.02954556979238987
0.04400190711021423
-0.023219050839543343
-0.026164552196860313
0.009032598696649075
0.0641016736626625
0.00725244265049696
0.03375128284096718
-0.01743105798959732
0.06910829246044159
-0.031250398606061935
0.035032596439123154
0.005662449169903994
0.0025461537297815084
-0.022319108247756958
0.05004946514964104
0.015758447349071503
0.03974001854658127
0.08870988339185715
-0.06435219943523407
-0.009568900801241398
-0.006782785523682833
0.07003536075353622
-0.017928309738636017
0.024289444088935852
-0.042077433317899704
0.013692870736122131
-0.013178675435483456
0.06074347347021103
-0.005610740277916193
-0.06679115444421768
-0.019790126010775566
-0.0006527116638608277
0.01327743474394083
0.01909019984304905
0.04222796484827995
-0.018452968448400497
-0.0042278640903532505
0.02373497746884823
-0.03867386281490326
0.022831974551081657
-0.03614708036184311
-0.010076788254082203
0.00920617114752531
0.016606062650680542
0.01378618273884058
0.009780079126358032
0.059410158544778824
-0.01491374708712101
-0.04322338104248047
-0.016148122027516365
-0.022035611793398857
-0.0030173726845532656
-0.022379472851753235
0.009103003889322281
0.01735672913491726
-0.01571136899292469
0.0002821710950229317
0.0282038114964962
0.02069215662777424
0.03356152027845383
0.009454306215047836
0.01894480548799038
0.012379448860883713
0.01972557045519352
-0.022805804386734962
0.0013435586588457227
-0.02772006019949913
-0.015324979089200497
0.0027769790031015873
-0.01701304130256176
0.021512309089303017
-0.0015835564117878675
0.013925147242844105
0.01963415928184986
-0.0019694434013217688
0.020727118477225304
0.02396317943930626
0.11172263324260712
-0.005904704798012972
0.014344929717481136
-0.02686259336769581
-0.037054393440485
0.005182021297514439
-0.013741820119321346
0.049556974321603775
-0.024622807279229164
-0.00176214799284935
0.046110574156045914
-0.012884121388196945
-0.008917764760553837
-0.02064879611134529
0.03579862043261528
0.028753601014614105
-0.004304499831050634
0.002573987003415823
0.0051604388281702995
0.003928836900740862
0.004982240032404661
0.1081637442111969
0.04444634169340134
-0.012773950584232807
-0.01380512397736311
0.0068445391952991486
0.01550423726439476
0.03881669417023659
-0.000505991920363158
0.03564636409282684
0.028920412063598633
-0.027820494025945663
0.004910774528980255
-0.036744799464941025
0.011438006535172462
0.000817020598333329
-0.020567599684000015
0.014200355857610703
0.057096175849437714
0.0006557531305588782
-0.046749718487262726
-0.0006504944176413119
-0.009330326691269875
0.012897780165076256
-0.028199121356010437
0.014457500539720058
0.04639934003353119
0.0011529511539265513
0.007397244218736887
0.012180501595139503
0.046409156173467636
0.006442704703658819
-0.012079943902790546
-0.008505629375576973
0.04222213849425316
0.009499853476881981
-0.02102850377559662
0.08798042684793472
-0.028378542512655258
-0.05436756834387779
0.05312851816415787
-0.05485854670405388
-0.007201074622571468
-0.01730208843946457
0.023284371942281723
-0.009411616250872612
-0.030081605538725853
-0.03319638967514038
-0.01219331007450819
0.06719569861888885
0.004742155782878399
0.020057130604982376
0.004534949082881212
0.013218839652836323
0.028414523229002953
0.005933657754212618
-0.05154026299715042
0.04656808078289032
0.012648104690015316
0.011311487294733524
0.0450303889811039
0.04633890837430954
0.05693638324737549
-0.024707907810807228
0.06052568182349205
0.053298015147447586
-0.022110816091299057
0.020586716011166573
0.024769270792603493
-0.0176828745752573
-0.011981015093624592
-0.03257500380277634
-0.0014611611841246486
0.013759328983724117
0.047531817108392715
0.07106887549161911
-0.038219381123781204
-0.007715481799095869
0.040214549750089645
-0.06483514606952667
0.08137858659029007
-0.019988244399428368
-0.007695836015045643
0.012298796325922012
-0.025910189375281334
0.04583646357059479
-0.011865902692079544
-0.003496952587738633
0.02583322487771511
-0.0037649692967534065
-0.0027590845711529255
-0.007310997694730759
0.0437161810696125
0.00044235543464310467
-0.03423089161515236
-0.015021754428744316
-0.011303548701107502
-0.059873778373003006
0.04973136633634567
0.04142225161194801
0.025468546897172928
0.059715304523706436
-0.030275506898760796
0.04622224345803261
0.006167598534375429
-0.018243255093693733
-0.016044698655605316
0.013592667877674103
0.004562490154057741
0.006435240153223276
0.006159973796457052
0.011506689712405205
0.04840243607759476
-0.05074600130319595
-0.013993519358336926
-0.020852582529187202
0.010028483346104622
0.00827331654727459
-0.03434791415929794
0.014872769825160503
0.05320693179965019
-0.04144955426454544
-0.011807810515165329
-0.0065388865768909454
0.0038003295194357634
-0.029475808143615723
0.03155631944537163
0.010776524432003498
-0.0005247173830866814
0.0477498434484005
0.0017451817402616143
-0.01856076344847679
-0.04590490087866783
-0.07278430461883545
-0.0485079362988472
-0.042016852647066116
0.007978491485118866
-0.003863987047225237
-0.022154126316308975
0.01846141740679741
-0.000539529777597636
0.0019948561675846577
-0.060716889798641205
0.06881619244813919
-0.017608696594834328
-0.030490266159176826
-0.03773386403918266
-0.008946110494434834
-0.0407404899597168
0.048953548073768616
0.0429798848927021
-0.01143124420195818
-0.04088519513607025
0.04843366518616676
-0.011947882361710072
-0.05194056034088135
-0.025718139484524727
0.01263556070625782
-0.02691677026450634
0.047956839203834534
-0.01419754233211279
0.057844169437885284
-0.06687311828136444
0.06321568042039871
0.01822078786790371
-0.040173087269067764
0.06309879571199417
0.052489206194877625
-0.035310398787260056
-0.031081533059477806
-0.01627255417406559
-0.014989044517278671
0.01989658921957016
0.020790232345461845
0.0024291628506034613
-0.0007474435842595994
0.04806303232908249
-0.033641234040260315
0.01943664252758026
-0.03822382166981697
-0.04478951543569565
-0.04063047841191292
0.023212162777781487
0.019246073439717293
-0.010860328562557697
0.004100004211068153
0.0294178519397974
-0.054127998650074005
-0.04165300726890564
-0.012426894158124924
0.02269923686981201
-0.009090512059628963
0.039203327149152756
-0.011652205139398575
0.035738542675971985
-0.016417546197772026
0.004419934935867786
0.008668781258165836
-0.03487636148929596
-0.07708873599767685
0.003232386661693454
-0.02641374059021473
-0.01599263958632946
0.00560030248016119
0.046387288719415665
-0.011703943833708763
0.07381559163331985
-0.0188487246632576
-0.007049084175378084
-0.06860774010419846
-0.014856548979878426
-0.015483503229916096
-0.040586285293102264
0.04972081631422043
-0.05797138437628746
-0.01035383902490139
-0.05963588505983353
-0.031874801963567734
-0.009586675092577934
-0.04837021231651306
0.002149652224034071
-0.02555406279861927
0.029431667178869247
-0.003603151300922036
0.022605402395129204
-0.00045595967094413936
-0.021183880046010017
-0.027352141216397285
-0.05134212225675583
0.024696309119462967
0.055992241948843
-0.005778411403298378
0.006530893966555595
0.003595519345253706
0.02591742016375065
-0.026237618178129196
0.025367390364408493
-0.015923436731100082
0.005430317483842373
-0.05412144586443901
0.0287757758051157
0.07242966443300247
-0.018116379156708717
-0.03375400975346565
-0.07174766808748245
-0.012915761210024357
-0.001481883693486452
0.030945874750614166
0.05177763104438782
-0.01469156239181757
-0.06937036663293839
0.012557427398860455
-0.010688812471926212
0.049328021705150604
0.0368676483631134
0.006127776578068733
0.08356718719005585
-0.041695427149534225
0.028514396399259567
-0.04623953625559807
0.05485721305012703
-0.07099462300539017
-0.0394432432949543
-0.003984926734119654
-0.02833872102200985
-0.04462510347366333
-0.05353770777583122
-0.024042008444666862
-0.06164120137691498
-0.01153590064495802
0.020597482100129128
0.050203751772642136
0.013514138758182526
-0.061462316662073135
-0.019624963402748108
-0.0373142845928669
0.01478660199791193
0.07586494088172913
0.005506811197847128
0.08038417249917984
-8.958209946285933e-05
0.036359746009111404
-0.03495805338025093
-0.06512483209371567
0.0061474693939089775
-0.04697367176413536
